1.600000	39.22	100.00
2.000000	38.05	100.00
2.400000	36.50	100.00
2.800000	35.30	100.00
3.200000	34.06	100.00
3.600000	33.10	100.00
4.000000	32.05	100.00
4.400000	30.80	100.00
4.800000	29.50	100.00
5.200000	28.38	100.00
5.600000	27.35	98.27
6.000000	26.24	94.94
6.400000	25.83	91.76
6.800000	25.49	87.77
7.200000	25.29	87.49
7.600000	25.02	87.48
8.000000	24.77	88.17
8.400000	24.54	88.38
8.800000	24.27	88.62
9.200000	24.12	88.89
9.600000	23.86	88.85
10.000000	23.72	89.42
10.400000	23.43	89.30
10.800000	23.05	89.79
11.200000	23.06	89.35
11.600000	22.99	88.30
12.000000	23.08	89.39
12.400000	22.73	90.01
12.800000	22.31	91.55
13.200000	22.14	90.55
13.600000	21.72	89.02
14.000000	21.39	88.81
14.400000	21.38	87.08
14.800000	21.54	85.74
15.200000	21.66	86.15
15.600000	21.43	87.55
16.000000	21.36	88.77
16.400000	21.02	87.99
16.800000	21.17	88.07
17.200000	21.10	86.54
17.600000	21.09	87.77
18.000000	21.24	87.75
18.400000	20.97	88.07
18.800000	20.98	89.31
19.200000	20.92	88.15
19.600000	20.99	88.54
20.000000	20.69	88.52
20.400000	20.39	89.24
20.800000	20.41	87.83
21.200000	20.50	86.31
21.600000	20.61	86.56
22.000000	20.40	87.22
22.400000	20.31	88.03
22.800000	20.17	87.01
23.200000	20.03	86.62
23.600000	20.07	85.91
24.000000	20.16	85.15
24.400000	20.41	85.39
24.800000	20.55	85.94
25.200000	20.56	87.46
25.600000	20.30	88.41
26.000000	20.18	88.66
26.400000	19.97	87.33
26.800000	20.10	86.73
27.200000	20.15	85.57
27.600000	20.20	86.31
28.000000	20.12	86.64
28.400000	20.32	86.98
28.800000	20.21	86.58
29.200000	20.42	87.79
29.600000	20.40	87.26
30.000000	20.19	88.55
30.400000	20.18	88.58
30.800000	20.32	87.49
31.200000	20.16	87.50
31.600000	20.35	88.37
32.000000	20.45	87.55
32.400000	20.26	88.71
32.800000	20.01	89.41
33.200000	20.08	88.46
33.600000	19.82	87.09
34.000000	20.03	87.50
34.400000	19.88	86.01
34.800000	20.00	87.17

34.000000	20.05	86.89
34.400000	20.13	87.25
34.800000	20.18	87.15
35.200000	20.30	87.64
35.600000	20.41	87.97
36.000000	20.51	88.73
36.400000	20.66	89.48
36.800000	20.64	90.20
37.200000	20.53	91.25
37.600000	20.19	91.36
38.000000	19.80	90.93
38.400000	19.37	89.12
38.800000	19.09	86.91
39.200000	19.33	84.33
39.600000	19.68	82.49
40.000000	20.01	83.58
40.400000	20.37	85.40
40.800000	20.54	87.21
41.200000	20.51	89.32
41.600000	20.45	90.44
42.000000	20.34	90.44
42.400000	20.26	90.27
42.800000	20.29	89.78
43.200000	20.03	89.42
43.600000	20.06	89.69
44.000000	20.05	88.27
44.400000	19.95	88.45
44.800000	20.08	88.42
45.200000	19.83	87.85
45.600000	19.63	88.59
46.000000	19.37	87.16
46.400000	19.28	85.93
46.800000	19.50	84.29
47.200000	19.94	83.55
47.600000	20.30	84.59
48.000000	20.31	86.99
48.400000	20.43	89.07
48.800000	20.27	89.23
49.200000	20.09	90.04
49.600000	19.81	89.25
50.000000	19.67	88.29
50.400000	19.86	86.69
50.800000	19.88	85.80
51.200000	20.07	86.80
51.600000	19.98	86.87
52.000000	20.11	87.94
52.400000	20.27	87.44
52.800000	20.10	88.19
53.200000	20.27	89.16
53.600000	20.34	88.26
54.000000	20.36	89.29
54.400000	20.33	89.79
54.800000	20.16	90.02
55.200000	20.12	89.97
55.600000	19.73	89.08
56.000000	19.84	88.91
56.400000	19.74	86.67
56.800000	19.62	87.22
57.200000	19.87	86.58
57.600000	20.09	85.79
58.000000	19.93	87.12
58.400000	19.92	88.36
58.800000	20.04	87.46
59.200000	20.09	87.3888.050.00
59.600000	19.85	
60.000000	24.92	88.36
60.400000	24.46	86.99
60.800000	24.38	100.00
61.200000	23.33	100.00
61.600000	22.62	100.00
62.000000	21.83	100.00
62.400000	21.12	100.0098.50
62.800000	20.13	
63.200000	25.27	94.9789.57
63.600000	24.60	
64.000000	29.37	100.00
64.400000	28.23	100.00
64.800000	27.15	100.00
65.200000	26.43	100.00
65.600000	25.24	100.00
66.000000	24.47	100.00
66.400000	23.66	100.00
66.800000	22.79	100.00
67.200000	22.13	100.00
67.600000	21.49	100.00
68.000000	20.60	100.00
68.400000	19.85	97.55
68.800000	19.22	92.86
69.200000	18.87	88.69
69.600000	18.78	84.96
70.000000	18.76	82.65
70.400000	18.92	81.74
70.800000	19.50	81.21
71.200000	20.08	81.73
71.600000	20.59	84.75
72.000000	20.61	87.96
72.400000	20.36	90.97
72.800000	20.04	91.29
73.200000	19.89	90.03
73.600000	19.48	88.29
74.000000	19.48	87.42
74.400000	19.47	84.99
74.800000	19.78	84.82
75.200000	19.85	84.58
75.600000	20.24	86.21
76.000000	20.31	86.55
76.400000	20.22	88.77
76.800000	19.95	89.26
77.200000	19.72	88.84
77.600000	19.66	87.34
78.000000	19.83	85.98
78.400000	19.74	85.54
78.800000	19.89	86.41
79.200000	19.80	85.83
79.600000	19.75	86.62
80.000000	19.58	86.06
80.400000	19.76	85.70
80.800000	20.02	84.62
81.200000	20.12	85.53
81.600000	20.28	86.96
82.000000	20.28	87.55
82.400000	20.22	88.53
82.800000	20.26	88.62
83.200000	20.21	88.37
83.600000	20.16	88.68
84.000000	20.20	88.47
84.400000	20.21	88.25
84.800000	20.01	88.54
85.200000	20.05	88.67
85.600000	19.98	87.57
86.000000	19.75	87.81
86.400000	19.98	87.41
86.800000	19.89	86.06
87.200000	19.88	87.32
87.600000	19.89	86.79
88.000000	20.02	86.70
88.400000	19.82	86.71
88.800000	20.01	87.43
89.200000	19.93	86.27
89.600000	19.80	87.32
90.000000	19.61	86.86
90.400000	19.67	86.08
90.800000	19.78	84.90
91.200000	19.69	85.12
91.600000	20.05	85.65
92.000000	20.34	85.05
92.400000	20.41	87.04
92.800000	20.20	88.75
93.200000	20.29	89.28
93.600000	20.13	88.19
94.000000	20.28	88.78
94.400000	20.07	87.95
94.800000	20.09	88.87
95.200000	20.19	87.74
95.600000	20.28	87.88
96.000000	20.13	88.49
96.400000	19.84	89.08
96.800000	19.99	88.30
97.200000	19.86	86.65
97.600000	20.06	87.47
98.000000	19.90	86.71
98.400000	20.17	87.83
98.800000	20.22	86.92
99.200000	20.11	88.46
99.600000	19.93	88.81
100.000000	19.77	88.24
100.400000	19.49	87.23
100.800000	19.62	86.27
101.200000	19.55	84.56
101.600000	19.48	85.14
102.000000	19.46	84.61
102.400000	19.71	84.05
102.800000	19.73	83.75
103.200000	19.71	85.03
103.600000	19.83	85.05
104.000000	20.16	84.84
104.400000	20.41	85.44
104.800000	20.69	87.31
105.200000	20.90	88.82
105.600000	20.81	90.60
106.000000	20.46	92.06
106.400000	20.30	91.84
106.800000	19.84	90.07
107.200000	19.67	89.29
107.600000	19.40	86.71
108.000000	19.22	85.66
108.400000	19.10	83.97
108.800000	19.42	82.72
109.200000	19.73	81.75
109.600000	19.95	83.32
110.000000	20.07	84.93
110.400000	20.00	86.12
110.800000	20.11	86.81
111.200000	20.20	86.42
111.600000	20.09	87.06
112.000000	20.18	87.63
112.400000	20.22	87.05
112.800000	20.33	87.61
113.200000	20.48	87.90
113.600000	20.40	88.62
114.000000	20.56	89.61
114.400000	20.46	89.30
114.800000	20.33	90.37
115.200000	19.96	89.98
115.600000	19.59	89.37
116.000000	19.31	87.32
116.400000	19.12	85.15
116.800000	19.30	83.38
117.200000	19.32	82.03
117.600000	19.58	82.79
118.000000	20.11	82.67
118.400000	20.35	83.96
118.800000	20.53	86.91
119.200000	20.39	88.35
119.600000	20.20	89.52
120.000000	19.90	88.88
120.400000	19.68	87.90
120.800000	19.41	86.22
121.200000	19.50	84.90
121.600000	19.74	83.21
122.000000	20.07	83.54
122.400000	20.30	84.77
122.800000	20.20	86.61
123.200000	20.34	87.98
123.600000	20.39	87.49
124.000000	20.19	88.38
124.400000	20.27	88.79
124.800000	19.98	87.75
125.200000	20.05	88.28
125.600000	19.81	86.68
126.000000	19.82	87.08
126.400000	20.01	85.70
126.800000	19.96	85.69
127.200000	20.06	86.74
127.600000	20.00	86.45
128.000000	20.30	87.02
128.400000	20.50	86.69
128.800000	20.67	88.44
129.200000	20.83	89.71
129.600000	20.79	90.87
130.000000	20.46	92.04
130.400000	20.40	92.08
130.800000	19.86	90.42
131.200000	19.51	90.23
131.600000	19.21	87.21
132.000000	19.20	85.12
132.400000	19.60	83.20
132.800000	19.80	82.88
133.200000	20.12	84.94
133.600000	20.19	85.97
134.000000	20.11	87.77
134.400000	20.21	88.22
134.800000	20.12	87.82
135.200000	20.01	88.44
135.600000	20.20	87.99
136.000000	20.02	87.39
136.400000	19.89	88.50
136.800000	19.73	87.52
137.200000	19.61	86.76
137.600000	19.87	85.79
138.000000	19.94	85.00
138.400000	20.10	86.39
138.800000	20.09	86.75
139.200000	20.33	87.66
139.600000	20.24	87.64
140.000000	20.31	89.07
140.400000	20.15	88.66
140.800000	20.10	89.15
141.200000	20.23	88.32
141.600000	20.26	88.08
142.000000	20.31	88.87
142.400000	20.22	89.12
142.800000	19.91	89.50
143.200000	19.81	89.08
143.600000	19.62	87.35
144.000000	19.49	86.73
144.400000	19.34	85.56
144.800000	19.28	84.67
145.200000	19.22	83.62
145.600000	19.49	83.05
146.000000	19.55	82.46
146.400000	20.04	83.77
146.800000	20.32	83.95
147.200000	20.54	86.65
147.600000	20.72	88.30
148.000000	20.79	89.70
148.400000	20.84	90.93
148.800000	20.83	91.58
149.200000	20.55	92.14
149.600000	20.27	92.37
150.000000	20.03	91.01
150.400000	19.99	89.56
150.800000	19.69	88.25
151.200000	19.57	88.03
151.600000	19.71	86.28
152.000000	19.71	85.47
152.400000	19.70	86.14
152.800000	19.79	86.04
153.200000	19.71	85.89
153.600000	19.91	86.31
154.000000	19.74	85.77
154.400000	19.99	86.84
154.800000	20.06	85.82
155.200000	20.33	87.19
155.600000	20.13	87.60
156.000000	19.98	89.19
156.400000	20.05	88.14
156.800000	20.25	87.31
157.200000	20.32	87.71
157.600000	20.14	88.89
158.000000	19.84	89.39
158.400000	19.90	88.44
158.800000	20.02	86.74
159.200000	20.13	87.04
159.600000	20.09	87.70
160.000000	19.95	88.35
160.400000	19.89	88.16
160.800000	19.97	87.37
161.200000	20.08	87.01
161.600000	20.30	87.44
162.000000	20.08	88.07
162.400000	20.10	89.38
162.800000	19.90	88.20
163.200000	19.63	88.34
163.600000	19.33	87.21
164.000000	19.18	85.60
164.400000	19.22	83.72
164.800000	19.47	82.62
165.200000	19.99	82.57
165.600000	20.49	83.77
166.000000	20.48	86.63
166.400000	20.46	89.54
166.800000	20.36	89.65
167.200000	19.99	89.70
167.600000	19.88	89.27
168.000000	19.73	87.23
168.400000	19.79	86.58
168.800000	19.85	85.67
169.200000	19.92	85.93
169.600000	19.84	86.21
170.000000	19.99	86.56
170.400000	19.90	86.07
170.800000	19.92	86.89
171.200000	20.19	86.36
171.600000	20.19	86.44
172.000000	20.23	87.99
172.400000	20.09	88.06
172.800000	19.93	88.36
173.200000	19.81	87.62
173.600000	19.72	86.71
174.000000	19.91	85.99
174.400000	20.11	85.40
174.800000	20.04	86.41
175.200000	19.93	87.55
175.600000	19.85	87.18
176.000000	19.81	86.55
176.400000	19.83	86.06
176.800000	19.80	85.78
177.200000	20.10	85.83
177.600000	20.11	85.60
178.000000	20.04	87.28
178.400000	19.95	87.37
178.800000	19.80	87.00
179.200000	19.88	86.49
179.600000	19.79	85.60
180.000000	19.75	85.99
180.400000	19.77	85.43
180.800000	19.91	85.12
181.200000	20.19	85.16
181.600000	20.53	85.90
182.000000	20.37	87.50
182.400000	20.13	89.55
182.800000	20.14	88.79
183.200000	20.03	87.52
183.600000	20.20	87.62
184.000000	20.41	87.03
184.400000	20.36	88.03
184.800000	20.40	89.32
185.200000	20.33	89.17
185.600000	20.03	89.52
186.000000	19.98	89.25
186.400000	19.85	87.61
186.800000	19.81	87.33
187.200000	20.06	86.56
187.600000	19.85	86.28
188.000000	19.76	87.68
188.400000	19.85	86.47
188.800000	19.95	85.89
189.200000	20.21	86.34
189.600000	20.15	86.87
190.000000	20.33	88.37
190.400000	20.29	88.09
190.800000	20.31	89.19
191.200000	20.17	89.07
191.600000	20.18	89.29
192.000000	20.19	88.57
192.400000	20.07	88.69
192.800000	19.92	88.81
193.200000	19.66	88.17
193.600000	19.43	87.32
194.000000	19.68	85.78
194.400000	19.65	84.32
194.800000	19.72	85.59
195.200000	19.75	85.30
195.600000	19.85	85.59
196.000000	19.78	85.67
196.400000	19.93	86.17
196.800000	20.13	85.71
197.200000	20.19	86.51
197.600000	20.36	87.66
198.000000	20.32	88.05
198.400000	20.33	89.11
198.800000	20.41	89.00
199.200000	20.10	89.16
199.600000	20.23	89.74
200.000000	20.28	88.07
200.400000	19.99	88.86
200.800000	19.96	89.23
201.200000	19.93	87.64
201.600000	20.12	87.46
202.000000	20.24	87.27
202.400000	20.28	88.35
202.800000	19.97	89.10
203.200000	19.84	89.41
203.600000	19.64	87.69
204.000000	19.83	86.93
204.400000	20.09	85.70
204.800000	20.25	86.69
205.200000	20.20	88.15
205.600000	20.36	89.12
206.000000	20.03	88.91
206.400000	19.86	89.91
206.800000	19.83	88.11
207.200000	19.65	87.12
207.600000	19.53	86.90
208.000000	19.66	85.79
208.400000	19.73	84.97
208.800000	19.98	85.57
209.200000	19.97	85.87
209.600000	20.08	87.24
210.000000	20.32	87.17
210.400000	20.21	87.80
210.800000	20.35	89.23
211.200000	20.21	88.70
211.600000	19.92	89.58
212.000000	19.78	88.89
212.400000	19.81	87.26
212.800000	19.74	86.42
213.200000	19.97	86.52
213.600000	19.89	86.05
214.000000	20.18	87.30
214.400000	20.01	86.82
214.800000	20.10	88.48
215.200000	19.96	87.55
215.600000	20.09	88.08
216.000000	20.05	87.29
216.400000	19.85	88.04
216.800000	20.01	87.84
217.200000	19.83	86.69
217.600000	20.12	87.57
218.000000	19.94	86.52
218.400000	19.87	88.16
218.800000	19.97	87.15
219.200000	19.89	86.72
219.600000	19.76	87.26
220.000000	19.55	86.78
220.400000	19.57	85.98
220.800000	19.54	84.68
221.200000	19.95	84.64
221.600000	20.10	84.32
222.000000	20.45	86.56
222.400000	20.47	87.42
222.800000	20.40	89.50
223.200000	20.50	89.76
223.600000	20.52	89.51
224.000000	20.55	90.23
224.400000	20.57	90.52
224.800000	20.22	90.87
225.200000	20.05	91.17
2
226.000000	19.99	87.83
226.400000	20.13	87.63
226.800000	19.89	87.13
227.200000	19.77	87.95
227.600000	19.77	86.59
228.000000	19.77	85.85
228.400000	20.01	85.78
228.800000	20.13	85.70
229.200000	20.21	87.02
229.600000	20.14	87.73
230.000000	20.25	88.24
230.400000	20.02	87.90
230.800000	20.13	88.59
231.200000	19.95	87.33
231.600000	20.14	87.98
232.000000	19.86	86.97
232.400000	20.06	88.06
232.800000	20.24	86.48
233.200000	20.10	87.60
233.600000	19.89	88.67
234.000000	19.72	87.93
234.400000	19.67	86.74
234.800000	19.86	85.71
235.200000	19.91	85.32
235.600000	19.87	86.32
236.000000	19.87	86.57
236.400000	19.84	86.30
236.800000	20.06	86.26
237.200000	20.17	86.04
237.600000	20.41	87.27
238.000000	20.36	87.93
238.400000	20.42	89.39
238.800000	20.17	89.24
239.200000	20.22	89.71
239.600000	20.27	88.39
240.000000	20.35	88.74
240.400000	20.19	89.11
240.800000	20.01	89.67
241.200000	20.04	88.85
241.600000	19.95	87.86
242.000000	20.15	88.04
242.400000	20.04	87.53
242.800000	19.96	88.68
243.200000	19.67	88.09
243.600000	19.71	87.64
244.000000	19.73	85.93
244.400000	19.72	86.05
244.800000	19.80	86.07
245.200000	19.94	85.92
245.600000	19.87	86.29
246.000000	19.87	87.04
246.400000	20.05	86.61
246.800000	20.09	86.57
247.200000	20.04	87.58
247.600000	19.87	87.83
248.000000	19.75	87.57
248.400000	19.77	86.59
248.800000	19.83	85.84
249.200000	19.71	85.87
249.600000	19.81	86.15
250.000000	20.05	85.39
250.400000	20.02	85.87
250.800000	19.88	87.21
251.200000	20.09	87.05
251.600000	20.25	86.24
252.000000	20.38	87.43
252.400000	20.40	88.39
252.800000	20.57	89.24
253.200000	20.54	89.48
253.600000	20.19	90.61
254.000000	19.93	90.63
254.400000	19.67	88.77
254.800000	19.36	87.31
255.200000	19.59	85.77
255.600000	19.48	83.85
256.000000	19.85	84.98
256.400000	20.24	84.19
256.800000	20.65	86.18
257.200000	20.70	88.40
257.600000	20.57	90.88
258.000000	20.19	91.39
258.400000	20.12	90.87
258.800000	20.01	88.84
259.200000	19.71	88.50
259.600000	19.58	87.90
260.000000	19.74	86.15
260.400000	19.77	85.29
260.800000	19.95	86.08
261.200000	19.97	86.17
261.600000	19.94	87.14
262.000000	19.76	87.24
262.400000	19.89	87.06
262.800000	20.01	85.99
263.200000	20.21	86.67
263.600000	20.11	87.33
264.000000	20.07	88.50
264.400000	19.89	87.99
264.800000	19.78	87.79
265.200000	19.65	86.76
265.600000	19.90	86.08
266.000000	20.18	85.25
266.400000	20.29	86.59
266.800000	20.48	88.19
267.200000	20.36	88.90
267.600000	20.16	90.10
268.000000	19.88	89.57
268.400000	19.81	88.52
268.800000	19.52	86.94
269.200000	19.47	86.49
269.600000	19.74	84.73
270.000000	19.73	84.28
270.400000	19.70	85.67
270.800000	20.02	85.53
271.200000	20.04	85.26
271.600000	20.36	87.03
272.000000	20.56	87.15
272.400000	20.36	89.03
272.800000	20.40	90.32
273.200000	20.22	89.35
273.600000	20.00	89.70
274.000000	19.89	88.79
274.400000	19.92	87.58
274.800000	19.73	86.93
275.200000	19.81	87.07
275.600000	19.71	85.93
276.000000	19.91	86.31
276.400000	19.77	85.66
276.800000	19.74	86.73
277.200000	19.71	85.88
277.600000	19.58	85.63
278.000000	19.85	85.37
278.400000	20.04	84.51
278.800000	20.02	85.94
279.200000	20.27	87.00
279.600000	20.11	86.90
280.000000	20.37	88.37
280.400000	20.38	87.52
280.800000	20.57	89.08
281.200000	20.45	89.26
281.600000	20.38	90.50
282.000000	20.21	89.99
282.400000	20.25	89.74
282.800000	20.33	88.87
283.200000	20.16	89.18
283.600000	20.19	89.73
284.000000	20.27	88.85
284.400000	20.01	89.08
284.800000	19.81	89.61
285.200000	19.91	88.18
285.600000	19.63	87.02
286.000000	19.88	87.54
286.400000	20.09	85.87
286.800000	20.41	87.21
287.200000	20.62	88.39
287.600000	20.52	90.29
288.000000	20.08	91.66
288.400000	19.82	91.28
288.800000	19.72	88.89
289.200000	19.59	87.40
289.600000	19.46	86.75
290.000000	19.56	85.90
290.400000	19.44	85.00
290.800000	19.66	85.40
291.200000	19.66	84.55
291.600000	20.08	85.65
292.000000	20.24	85.53
292.400000	20.25	87.87
292.800000	19.99	88.83
293.200000	20.14	88.97
293.600000	19.80	87.54
294.000000	20.02	88.41
294.400000	19.90	86.47
294.800000	20.14	87.69
295.200000	20.00	86.99
295.600000	19.90	88.36
296.000000	19.70	87.59
296.400000	19.73	87.01
296.800000	19.95	85.81
297.200000	20.17	85.88
297.600000	20.23	87.07
298.000000	19.99	88.34
298.400000	20.16	88.75
298.800000	20.20	87.43
299.200000	20.35	88.41
299.600000	20.16	88.70
300.000000	19.96	89.65
300.400000	19.68	88.66
300.800000	19.55	87.54
301.200000	19.66	85.89
301.600000	19.50	85.03
302.000000	19.68	85.52
302.400000	19.77	84.47
302.800000	20.19	85.35
303.200000	20.19	85.77
303.600000	20.23	88.14
304.000000	20.00	88.20
304.400000	20.13	88.50
304.800000	20.03	87.24
305.200000	20.18	88.00
305.600000	20.01	87.46
306.000000	19.76	88.34
306.400000	19.86	87.41
306.800000	20.07	85.95
307.200000	20.18	86.46
307.600000	20.07	87.64
308.000000	20.01	88.30
308.400000	19.71	87.72
308.800000	19.73	87.39
309.200000	19.66	85.65
309.600000	19.62	85.66
310.000000	19.75	85.16
310.400000	19.69	84.82
310.800000	19.90	85.45
311.200000	19.86	85.01
311.600000	19.76	86.13
312.000000	19.98	85.86
312.400000	19.89	85.23
312.800000	20.15	86.44
313.200000	20.27	85.90
313.600000	20.29	87.39
314.000000	20.43	88.14
314.400000	20.57	88.34
314.800000	20.31	89.26
315.200000	20.29	90.22
315.600000	19.90	88.90
316.000000	19.85	88.89
316.400000	19.64	86.71
316.800000	19.56	86.38
317.200000	19.69	85.10
317.600000	19.72	84.52
318.000000	19.73	85.13
318.400000	19.91	85.20
318.800000	20.11	85.16
319.200000	20.28	86.12
319.600000	20.31	87.26
320.000000	20.24	88.29
320.400000	20.28	88.56
320.800000	20.11	88.25
321.200000	20.08	88.57
321.600000	19.84	87.67
322.000000	19.75	87.53
322.400000	19.90	86.16
322.800000	20.01	85.58
323.200000	20.00	86.37
323.600000	20.18	86.98
324.000000	20.29	86.92
324.400000	20.32	87.97
324.800000	20.13	88.68
325.200000	20.05	88.95
325.600000	20.18	87.95
326.000000	20.26	87.53
326.400000	20.09	88.30
326.800000	19.88	88.83
327.200000	19.75	87.92
327.600000	19.58	86.73
328.000000	19.72	85.93
328.400000	19.83	84.85
328.800000	19.85	85.53
329.200000	19.87	86.08
329.600000	20.03	86.13
330.000000	20.08	86.20
330.400000	20.28	87.09
330.800000	20.06	87.39
331.200000	19.95	88.59
331.600000	19.68	87.40
332.000000	19.89	86.78
332.400000	19.73	85.18
332.800000	19.84	86.30
333.200000	19.86	85.33
333.600000	19.87	85.88
334.000000	19.84	85.94
334.400000	19.84	85.95
334.800000	19.84	85.73
335.200000	20.18	85.68
335.600000	20.12	85.63
336.000000	20.22	87.56
336.400000	20.39	87.27
336.800000	20.44	87.89
337.200000	20.42	88.96
337.600000	20.10	89.38
338.000000	20.06	89.42
338.400000	19.92	87.69
338.800000	19.74	87.49
339.200000	19.86	86.69
339.600000	19.67	85.61
340.000000	19.78	86.23
340.400000	19.74	85.07
340.800000	19.65	85.60
341.200000	20.00	85.29
341.600000	19.89	84.68
342.000000	19.83	86.60
342.400000	19.82	85.96
342.800000	19.95	85.57
343.200000	20.16	85.46
343.600000	20.29	86.16
344.000000	20.49	87.37
344.400000	20.69	88
344.800000	20.39	.1889.44
345.200000	25.56	90.7
345.600000	25.27	889.2
346.000000	-22.13	61
346.400000	-19.21	00.0010
346.800000	-12.61	0.000.0
347.200000	-6.62	00.00
347.600000	-0.67	0
348.000000	5.05	.000.
348.400000	10.53	000.0
348.800000	16.15	0
349.200000	21.38	0.00
349.600000	26.27	31.8261
350.000000	29.16	.43
350.400000	33.88	90.66
350.800000	33.02	100.001
351.200000	31.81	00.00
351.600000	36.72	100.00
352.000000	35.54	100.00
352.400000	34.41	100.00
352.800000	33.37	100.00
353.200000	32.11	100.00
353.600000	31.06	100.00
354.000000	30.18	100.00
354.400000	29.26	100.00
354.800000	28.21	100.00
355.200000	27.03	100.00
355.600000	25.93	100.00
356.000000	25.00	100.00
356.400000	24.13	100.00
356.800000	23.14	100.00
357.200000	22.43	100.00
357.600000	21.55	100.00
358.000000	20.57	100.00
358.400000	20.00	97.26
358.800000	19.49	92.95
359.200000	18.96	87.75
359.600000	19.17	84.61
360.000000	19.56	81.64
360.400000	19.78	78.37
360.800000	20.36	79.24
361.200000	20.87	81.24
361.600000	20.95	82.38
362.000000	21.29	85.69
362.400000	21.38	88.79
362.800000	21.12	89.55
363.200000	21.14	91.85
363.600000	21.00	92.82
364.000000	20.44	91.77
364.400000	20.03	92.26
364.800000	19.79	91.83
365.200000	19.41	88.90
365.600000	19.51	86.65
366.000000	19.60	85.26
366.400000	19.53	82.97
366.800000	19.92	83.36
367.200000	20.28	83.72
367.600000	20.68	83.17
368.000000	20.80	85.29
368.400000	20.77	87.37
368.800000	20.62	89.80
369.200000	20.54	90.73
369.600000	20.43	90.82
370.000000	20.06	90.21
370.400000	19.75	89.95
370.800000	19.42	89.49
371.200000	19.39	87.48
371.600000	19.45	85.69
372.000000	19.54	83.67
372.400000	19.66	83.30
372.800000	19.74	83.45
373.200000	19.92	83.79
373.600000	20.16	84.33
374.000000	20.26	84.68
374.400000	20.30	85.65
374.800000	20.60	87.02
375.200000	20.63	87.66
375.600000	20.36	87.98
376.000000	20.06	89.83
376.400000	19.81	90.21
376.800000	19.57	88.85
377.200000	19.57	87.22
377.600000	19.61	85.78
378.000000	19.92	84.31
378.400000	20.27	84.17
378.800000	20.49	84.26
379.200000	20.83	85.93
379.600000	20.91	87.95
380.000000	20.62	89.33
380.400000	20.47	91.48
380.800000	20.44	92.23
381.200000	19.94	90.84
381.600000	19.80	90.17
382.000000	19.75	90.16
382.400000	19.55	87.39
382.800000	19.71	86.55
383.200000	19.77	86.19
383.600000	19.86	84.94
384.000000	19.83	85.72
384.400000	20.09	85.97
384.800000	20.41	86.42
385.200000	20.65	86.20
385.600000	20.62	87.66
386.000000	20.69	89.56
386.400000	20.53	91.10
386.800000	20.06	91.14
387.200000	19.76	91.76
387.600000	19.75	91.06
388.000000	19.50	88.49
388.400000	19.51	86.76
388.800000	19.59	86.62
389.200000	19.45	85.08
389.600000	19.40	84.97
390.000000	19.43	85.27
390.400000	19.77	84.31
390.800000	19.89	83.84
391.200000	20.33	83.81
391.600000	20.34	85.60
392.000000	20.43	86.22
392.400000	20.68	88.75
392.800000	20.82	88.92
393.200000	20.69	89.56
393.600000	20.37	91.17
394.000000	20.31	92.22
394.400000	20.19	91.74
394.800000	19.90	90.10
395.200000	19.68	89.88
395.600000	19.59	89.28
396.000000	19.50	87.65
